200200
201201
202020
202202
203203
204204
205205
206206
207207
208208
209209
210210
211211
212121
212212
213213
214214
215215
216216
217217
218218
219219
220220
221221
222222
223223
224224
225225
226226
227227
228228
229229
230230
231231
232232
232323
233233
234234
235235
236236
237237
238238
239239
240240
241241
242242
242424
243243
244244
245245
246246
247247
248248
249249
250250
251251
252252
252525
253253
254254
7777777
22222
963963
964964
965965
966966
967967
968968
969696
969969
970970
971971
972972
973973
974974
975975
976976
977977
978978
979797
979979
980980
981981
982982
983983
984984
985985
986986
987987
988988
989898
989989
990990
991991
992992
993993
994994
995995
996996
997997
998998
999999
938938938
44
55
66
77
66666
77777
88888
99999
100100
101010
101101
102102
103103
104104
105105
555
666
88
99
111
222
2134721347
11
22
3232
3333
3434
3535
3636
3737
3838
3939
4040
4141
4242
4343
4444
4545
4646
4747
4848
4949
16121612
16131613
16141614
16151615
16161616
16171617
16181618
16191619
16201620
16211621
16221622
16231623
3333333333
779779
780780
781781
782782
783783
784784
785785
786786
787787
787878
788788
789789
790790
791791
792792
793793
794794
795795
796796
797797
797979
798798
799799
800800
801801
802802
803803
804804
805805
806806
807807
808080
808808
809809
810810
811811
812812
813813
33
322322322
6868
6969
7070
7171
7272
7373
7474
7575
7676
7777
7878
7979
8080
8181
8282
8383
8484
8585
8686
8787
8888
8989
9090
9191
9292
9393
9494
9595
9696
9797
9898
9999
11111
291291
292292
292929
293293
294294
295295
296296
297297
298298
299299
300300
301301
302302
303030
303303
304304
305305
306306
307307
308308
309309
310310
311311
312312
313131
313313
314314
315315
316316
317317
318318
319319
320320
321321
322322
323232
323323
44444
823823
824824
825825
826826
827827
828282
828828
829829
830830
831831
832832
833833
834834
835835
836836
837837
838383
838838
839839
840840
841841
842842
843843
844844
845845
846846
847847
848484
848848
849849
850850
851851
852852
853853
854854
855855
856856
857857
858585
858858
859859
860860
861861
862862
863863
864864
865865
866866
867867
868686
868868
869869
870870
871871
872872
873873
874874
875875
876876
877877
878787
878878
879879
880880
881881
882882
883883
884884
885885
886886
887887
888888
889889
890890
891891
892892
893893
894894
895895
896896
897897
898898
898989
899899
17761776
17771777
17781778
17791779
17801780
17811781
17821782
17831783
17841784
17851785
17861786
17871787
17881788
17891789
17901790
841841841
519519
520520
521521
522522
523523
524524
525252
525525
526526
527527
528528
529529
530530
531531
532532
533533
534534
535353
535535
536536
537537
538538
539539
540540
541541
542542
543543
544544
545454
545545
546546
547547
548548
549549
550550
551551
552552
553553
554554
555555
556556
557557
558558
559559
560560
561561
562562
563563
564564
565565
565656
566566
567567
568568
569569
570570
571571
572572
573573
574574
575575
575757
576576
655655
656565
656656
657657
658658
659659
660660
661661
662662
663663
664664
665665
666666
667667
668668
669669
670670
671671
672672
673673
674674
777
888
999
1010
1111
1212
2981729817
383838
384384
385385
386386
387387
388388
389389
390390
391391
392392
393393
393939
394394
395395
396396
397397
398398
399399
400400
401401
402402
403403
404040
404404
405405
406406
407407
408408
409409
410410
411411
412412
413413
414141
414414
415415
416416
417417
418418
419419
420420
421421
422422
423423
424242
424424
425425
426426
427427
428428
429429
430430
431431
432432
433433
434343
434434
435435
436436
437437
438438
439439
440440
441441
442442
443443
444444
445445
446446
447447
448448
449449
450450
451451
452452
453453
454454
454545
455455
456456
457457
458458
459459
460460
461461
462462
463463
464464
464646
465465
466466
467467
587587
588588
589589
590590
591591
592592
593593
594594
595595
595959
596596
597597
598598
599599
600600
601601
602602
603603
604604
605605
606060
606606
607607
608608
609609
610610
611611
612612
613613
614614
615615
616161
616616
617617
618618
619619
620620
621621
622622
623623
624624
625625
626262
626626
627627
628628
629629
630630
631631
632632
633633
634634
635635
636363
636636
637637
638638
639639
640640
641641
642642
643643
644644
645645
646464
646646
647647
648648
649649
650650
651651
652652
653653
1616
1717
1818
1919
2020
2121
2222
2323
